120.754640 21.861214 1
120.830452 22.099103 1
120.858669 22.390680 1
120.948023 22.701068 1
121.075000 22.743394 1
121.154948 22.884479 1
121.314845 23.157244 1
121.375982 23.406496 1
121.439984 23.619272 1
121.702203 23.535839 1
121.642608 23.333215 1
121.594932 23.047158 1
121.439984 22.767061 1
121.088373 22.391611 1
121.058575 21.777781 1
120.742721 21.765862 1
120.754640 21.861214 1
121.832159 25.038385 2
121.946543 25.222382 2
122.083612 25.210463 2
122.173005 25.132989 2
122.161086 24.852892 2
122.006164 24.760917 2
122.012098 24.346333 2
121.821393 24.101993 2
121.732001 23.619272 2
121.535879 23.655747 2
121.507662 23.740398 2
121.523417 23.964924 2
121.624729 24.310576 2
121.742805 24.379986 2
121.789833 24.549288 2
121.747508 24.826757 2
121.832159 25.038385 2
121.789833 25.047791 3
121.645588 25.130010 3
121.594932 25.201524 3
121.445944 25.189605 3
121.419126 25.058495 3
120.969182 25.046576 3
120.942364 24.826074 3
120.847012 24.739661 3
120.695044 24.429766 3
120.540097 24.179466 3
120.361311 24.239062 3
120.397069 24.394009 3
120.516259 24.590673 3
120.629490 24.763499 3
120.754640 24.954204 3
120.849992 25.174706 3
121.016858 25.234301 3
121.255239 25.228342 3
121.285037 25.317734 3
121.463822 25.389249 3
121.702203 25.389249 3
121.875029 25.240261 3
121.789833 25.047791 3
120.289797 24.161588 4
120.504340 24.072195 4
120.322575 23.991742 4
120.236162 23.726543 4
120.164647 23.655029 4
120.176566 23.315336 4
120.102072 23.267660 4
120.099093 23.053118 4
120.221263 22.930947 4
120.286818 22.627012 4
120.516259 22.498882 4
120.730802 22.361814 4
120.731692 22.089697 4
120.695044 21.926769 4
120.665247 21.777781 4
120.480502 22.040000 4
120.391109 22.320097 4
120.270812 22.362463 4
120.087174 22.552518 4
119.926267 22.910089 4
119.923287 23.228923 4
119.863692 23.365992 4
119.875611 23.547758 4
119.973943 23.616292 4
120.131870 24.009620 4
120.289797 24.161588 4
123.752277 24.185426 5
123.597330 24.239062 5
123.591370 24.501280 5
123.746318 24.614511 5
123.889346 24.537038 5
123.966820 24.519159 5
124.091970 24.566835 5
124.223079 24.715823 5
124.449541 24.709864 5
124.479338 24.501280 5
124.425703 24.352292 5
124.407824 24.185426 5
124.229038 24.173507 5
124.103889 24.060276 5
123.871467 24.060276 5
123.752277 24.185426 5
125.584829 24.605572 6
125.200440 24.614511 6
125.036553 24.799256 6
125.152764 25.082333 6
125.367306 25.073394 6
125.465638 24.879710 6
125.596748 24.754560 6
125.584829 24.605572 6
127.572328 25.901767 7
127.392053 25.992650 7
127.150692 26.013508 7
127.153672 26.257848 7
127.263923 26.391937 7
127.564879 26.400877 7
127.657251 26.520067 7
127.657251 26.609460 7
127.600636 26.666075 7
127.603615 26.835921 7
127.710887 26.907436 7
127.839016 26.880618 7
127.922450 26.821023 7
128.044620 26.821023 7
128.125073 26.949152 7
128.250223 26.999808 7
128.431988 26.949152 7
128.505505 26.811360 7
128.479664 26.701832 7
128.402191 26.648197 7
128.402191 26.499209 7
128.193608 26.427695 7
128.172749 26.305524 7
128.184668 26.147597 7
128.038660 26.004569 7
127.804749 25.901767 7
127.572328 25.901767 7
129.175438 27.877347 8
129.065187 27.963760 8
129.026450 28.181283 8
129.038369 28.422643 8
129.151600 28.512036 8
129.294629 28.547793 8
129.541949 28.553752 8
129.628362 28.619307 8
129.708815 28.631226 8
129.807147 28.607388 8
129.830985 28.497137 8
129.813107 28.395825 8
129.667098 28.336230 8
129.595584 28.237898 8
129.577706 28.118708 8
129.503212 28.026335 8
129.410839 27.880327 8
129.175438 27.877347 8
130.425447 30.110676 9
130.264540 30.237316 9
130.266030 30.477187 9
130.361382 30.617235 9
130.569965 30.617235 9
130.736832 30.524863 9
130.736832 30.264134 9
130.650419 30.110676 9
130.425447 30.110676 9
130.769609 30.313300 10
130.768119 30.577009 10
130.836654 30.648523 10
130.854532 30.746855 10
130.911148 30.877964 10
131.107812 30.940539 10
131.167407 30.872005 10
131.176346 30.454839 10
131.110792 30.353527 10
131.019909 30.240296 10
130.878370 30.228377 10
130.769609 30.313300 10
130.819308 30.888732 11
130.678222 30.945166 11
130.791957 31.146143 11
131.015439 31.321948 11
131.063115 31.497754 11
131.317810 31.612971 11
131.402461 31.951576 11
131.614371 31.926839 11
131.590575 31.791679 11
131.581593 31.485835 11
131.292557 31.280232 11
131.139102 31.067440 11
130.819308 30.888732 11
131.966804 32.929769 12
132.117295 32.788684 12
131.947992 32.591164 12
131.797501 32.403050 12
131.706743 32.257593 12
131.670986 32.022192 12
131.449490 32.036228 12
131.496518 32.177313 12
131.571764 32.459484 12
131.703444 32.666410 12
131.966804 32.929769 12
132.439764 32.956346 13
132.526177 32.810338 13
132.934404 32.804378 13
132.967181 32.852055 13
132.982080 33.004022 13
133.189545 33.221346 13
133.324752 33.114273 13
133.198018 32.966926 13
133.119149 32.890791 13
133.122772 32.722378 13
133.008898 32.622613 13
132.398047 32.625593 13
132.317594 32.714986 13
132.290776 32.881852 13
132.439764 32.956346 13
133.198951 33.305998 14
133.452882 33.522500 14
133.679344 33.594015 14
133.861109 33.594015 14
134.135247 33.376492 14
134.078631 33.167909 14
133.876008 33.331796 14
133.679344 33.358614 14
133.500558 33.299018 14
133.351570 33.185788 14
133.198951 33.305998 14
134.590995 33.860934 15
134.781854 33.734063 15
134.722259 33.614873 15
134.513676 33.513561 15
134.370648 33.394371 15
134.328931 33.144071 15
134.159085 33.138111 15
134.185903 33.465885 15
134.290012 33.644603 15
134.590995 33.860934 15
135.263502 33.837420 16
135.484536 33.635197 16
135.691462 33.555249 16
135.827844 33.588169 16
135.997147 33.780986 16
136.161483 33.713205 16
136.098908 33.573156 16
135.997596 33.364573 16
135.771134 33.272201 16
135.562551 33.328816 16
135.273515 33.495683 16
135.130486 33.671488 16
135.263502 33.837420 16
135.997147 33.851528 17
135.997147 33.926774 17
136.114718 33.969100 17
136.166450 34.067859 17
136.364106 34.231683 17
136.501175 34.306177 17
137.058390 34.338954 17
137.064350 34.151229 17
136.742536 34.145270 17
136.572690 34.091634 17
136.429661 34.032039 17
136.393904 33.850274 17
136.224058 33.793658 17
135.997147 33.851528 17
137.182266 34.495819 18
137.191671 34.730962 18
137.210483 34.730962 18
137.577305 34.749773 18
138.122836 34.777990 18
138.292139 34.937887 18
138.489658 34.749773 18
138.245110 34.514630 18
137.887693 34.561659 18
137.530277 34.495819 18
137.182266 34.495819 18
138.654051 34.876801 19
138.809452 34.876750 19
138.807509 34.669708 19
138.905841 34.669708 19
139.144221 34.934906 19
139.281290 34.934906 19
139.287250 34.860412 19
139.182958 34.687586 19
138.957987 34.477513 19
138.762812 34.471554 19
138.651071 34.549027 19
138.654051 34.876801 19
139.641841 35.063036 20
139.829566 35.066015 20
139.945777 35.021319 20
140.067947 35.185206 20
140.377842 35.206064 20
140.410619 35.366971 20
140.556627 35.369951 20
140.552157 35.150939 20
140.492562 35.052607 20
140.258651 35.060056 20
140.130953 34.966104 20
139.990473 34.812736 20
139.695477 34.809756 20
139.640351 34.875311 20
139.641841 35.063036 20
139.060788 34.440266 21
139.162100 34.535618 21
139.224675 34.616072 21
139.364724 34.613092 21
139.424319 34.544558 21
139.427299 34.335975 21
139.358764 34.261481 21
139.090586 34.258501 21
139.060788 34.440266 21
139.516691 34.216784 22
139.647801 34.175068 22
139.677598 34.085675 22
139.653760 33.990322 22
139.549469 33.936687 22
139.436238 33.948606 22
139.370683 34.067796 22
139.406440 34.175068 22
139.516691 34.216784 22
139.731234 33.299018 23
139.993453 33.263261 23
140.053048 33.144071 23
140.023250 32.965285 23
139.778910 32.917609 23
139.528610 32.953366 23
139.492853 33.102354 23
139.522651 33.245383 23
139.731234 33.299018 23
140.184925 30.536850 24
140.243073 30.608052 24
140.370446 30.609634 24
140.453514 30.540014 24
140.455888 30.429256 24
140.383499 30.335111 24
140.254940 30.338275 24
140.184134 30.416202 24
140.184925 30.536850 24
142.190568 27.372970 25
142.347462 27.357379 25
142.424936 27.118999 25
142.359381 26.850820 25
142.436855 26.552844 25
142.377260 26.391937 25
142.174636 26.338302 25
142.025648 26.409816 25
141.977972 26.636278 25
142.061405 26.856780 25
142.048809 27.160331 25
142.190568 27.372970 25
141.224093 25.578463 26
141.364142 25.575483 26
141.429696 25.506949 26
141.432676 25.378819 26
141.366481 25.273841 26
141.364899 25.137766 26
141.390215 24.996944 26
141.426607 24.933654 26
141.495436 24.869572 26
141.494645 24.727168 26
141.431354 24.655966 26
141.293697 24.658340 26
141.222495 24.713719 26
141.224869 24.859287 26
141.284204 24.977957 26
141.288950 25.115614 26
141.235153 25.270676 26
141.143382 25.357701 26
141.140660 25.530787 26
141.224093 25.578463 26
130.622111 31.235535 27
130.621788 31.058035 27
130.473123 31.068669 27
130.196006 31.128264 27
130.029139 31.235535 27
130.032119 31.581187 27
130.008281 31.792750 27
129.999342 31.989414 27
129.841414 32.054969 27
129.832475 32.269512 27
130.076815 32.266532 27
130.225803 32.162240 27
130.312216 31.503714 27
130.324135 31.321948 27
130.622111 31.235535 27
130.095069 32.384239 28
129.850520 32.374833 28
129.665609 32.382743 28
129.576216 32.475115 28
129.421268 32.770111 28
129.388491 33.029350 28
129.261851 33.111294 28
129.270790 33.328816 28
129.568349 33.296592 28
129.716264 32.951877 28
129.883131 32.796929 28
130.207937 32.816901 28
130.198985 32.463196 28
130.095069 32.384239 28
129.306548 33.015941 29
129.308037 32.771601 29
129.182888 32.700087 29
129.057738 32.679229 29
129.042839 32.503423 29
128.968345 32.399131 29
128.777640 32.393172 29
128.575017 32.463196 29
128.467745 32.571957 29
128.473705 32.852055 29
128.569057 32.953366 29
128.783600 32.969755 29
128.896831 33.082986 29
128.950466 33.357124 29
129.099454 33.452476 29
129.233543 33.372023 29
129.229074 33.059148 29
129.306548 33.015941 29
129.316977 33.388411 30
129.331876 33.614873 30
129.486823 33.653610 30
129.516621 33.874112 30
129.671568 34.026080 30
129.865252 33.996282 30
130.145350 34.002242 30
130.416508 34.052897 30
130.595293 34.035019 30
130.607212 33.760881 30
130.505901 33.644670 30
130.207925 33.561237 30
129.906969 33.495683 30
129.832475 33.397350 30
129.643595 33.334215 30
129.316977 33.388411 30
