123.565754 24.628928 1
124.316953 24.829248 1
124.542313 24.704048 1
124.667513 24.403569 1
124.517273 24.002929 1
124.141674 23.802610 1
123.690954 23.852690 1
123.390475 23.977889 1
123.565754 24.628928 1
125.043112 24.754128 2
125.168312 25.305007 2
125.644071 25.154768 2
125.769271 24.829248 2
125.694151 24.578848 2
125.518871 24.503729 2
125.168312 24.553809 2
125.043112 24.979488 2
125.043112 24.754128 2
127.508157 25.975522 3
127.497028 26.312170 3
127.625010 26.540312 3
127.689001 26.815752 3
127.855934 26.882525 3
127.892103 27.191351 3
128.047907 27.210827 3
128.214840 27.124578 3
128.198147 26.965991 3
128.412378 26.915911 3
128.264920 26.746196 3
127.970005 26.584828 3
127.889321 26.376161 3
127.719606 26.225921 3
127.602753 25.944917 3
127.508157 25.975522 3
127.630575 25.964393 4
127.730735 26.212010 4
127.925490 26.398419 4
127.978352 26.570916 4
128.303871 26.746196 4
128.420725 26.893654 4
128.479151 26.684987 4
128.342822 26.515272 4
128.142503 26.406766 4
128.067383 26.189753 4
127.908797 26.000562 4
127.747428 25.889273 4
127.630575 25.964393 4
129.007773 28.106701 5
129.233132 28.632540 5
129.558652 28.707660 5
129.934251 28.707660 5
129.959291 28.256941 5
129.733931 27.881341 5
129.308252 27.706061 5
129.007773 28.106701 5
129.708891 29.909578 6
129.733931 30.185017 6
130.159611 30.210057 6
130.159611 29.859498 6
129.934251 29.759338 6
129.708891 29.909578 6
129.283212 32.764133 7
128.957693 32.363494 7
128.557053 32.388534 7
128.381774 32.663974 7
128.707293 33.139733 7
129.082892 33.490292 7
129.408412 33.114693 7
129.283212 32.764133 7
129.333292 33.465252 8
129.658812 33.415172 8
129.708891 33.214853 8
130.309851 32.638934 8
130.585290 31.987895 8
130.284811 31.462055 8
129.984331 31.386936 8
129.658812 31.787575 8
129.433452 32.714054 8
129.333292 33.465252 8
130.109531 30.635737 9
130.159611 31.136536 9
130.635370 31.386936 9
131.086089 31.111496 9
131.361529 30.460457 9
130.835690 29.809418 9
130.284811 30.235097 9
130.109531 30.635737 9
131.286409 31.061416 10
131.186249 31.637335 10
131.486729 32.363494 10
131.762168 32.739093 10
132.137768 32.839253 10
132.363127 32.563814 10
132.087688 32.138134 10
131.787208 31.336856 10
131.561849 31.036376 10
131.286409 31.061416 10
132.513367 32.638934 11
132.738727 33.014533 11
133.039206 33.615492 11
133.565045 33.715652 11
134.065845 33.690612 11
134.516564 33.440212 11
134.466484 33.189813 11
133.990725 33.264933 11
133.690245 33.239893 11
133.389766 32.839253 11
133.289606 32.739093 11
132.513367 32.638934 11
135.117523 33.615492 12
135.468082 33.915972 12
135.893762 33.790772 12
136.044002 34.241491 12
136.444641 34.316611 12
136.670001 34.016131 12
136.519761 33.715652 12
136.269361 33.214853 12
135.743522 33.139733 12
135.117523 33.615492 12
